0, 1
0, 2
0, 3
4, 0
4, 5
4, 6
4, 7
4, 8
9, 0
9, 5
9, 7
9, 6
9, 10
9, 8
11, 0
11, 5
11, 6
11, 7
11, 8
12, 0
12, 5
12, 6
12, 7
12, 8
13, 0
13, 14
13, 15
13, 16
13, 8
13, 1
13, 17
13, 5
13, 18
13, 7
14, 0
14, 15
14, 8
14, 19
14, 1
14, 17
14, 20
14, 21
6, 0
6, 11
6, 4
6, 15
6, 22
6, 12
6, 8
6, 3
6, 1
6, 9
6, 17
6, 10
21, 0
21, 1
21, 14
21, 15
21, 17
21, 8
20, 0
20, 1
20, 14
20, 15
20, 17
20, 8
2, 0
2, 1
23, 0
23, 1
23, 24
25, 0
25, 1
25, 15
25, 17
25, 8
26, 0
26, 1
26, 15
26, 5
26, 7
26, 8
27, 0
27, 15
27, 8
27, 3
27, 1
27, 17
27, 5
27, 7
28, 0
28, 1
28, 5
28, 7
28, 8
29, 0
29, 15
29, 8
29, 3
29, 1
29, 17
29, 5
29, 7
30, 0
30, 1
30, 5
30, 31
30, 8
30, 3
15, 0
15, 24
17, 0
17, 1
17, 13
17, 5
17, 7
17, 8
8, 0
8, 1
8, 15
8, 17
8, 13
1, 0
1, 15
1, 26
1, 8
1, 27
1, 28
1, 29
1, 3
1, 17
1, 18
1, 10
3, 0
3, 30
3, 5
3, 7
3, 8
5, 0
5, 7
5, 30
5, 8
31, 0
31, 30
31, 5
31, 7
31, 8
32, 0
32, 1
33, 0
33, 34
33, 35
33, 36
33, 15
33, 37
33, 38
33, 8
33, 3
33, 39
33, 1
33, 40
33, 17
33, 41
16, 0
16, 42
16, 43
16, 14
16, 44
16, 24
16, 32
16, 8
16, 3
16, 19
16, 1
16, 13
16, 18
18, 0
18, 1
18, 16
18, 5
42, 0
42, 5
42, 13
42, 16
42, 7
42, 8
19, 0
19, 1
19, 15
19, 44
19, 17
19, 16
19, 8
43, 0
43, 18
43, 25
43, 16
37, 0
37, 15
37, 5
37, 17
37, 33
37, 7
37, 8
38, 0
38, 5
38, 33
38, 7
38, 8
34, 0
34, 5
34, 33
34, 7
34, 8
39, 0
39, 5
39, 33
39, 7
39, 10
39, 8
35, 0
35, 15
35, 17
35, 33
35, 31
35, 8
41, 0
41, 5
41, 33
41, 7
41, 8
40, 0
40, 5
40, 33
40, 7
40, 8
36, 0
36, 5
36, 33
36, 7
36, 10
36, 8
24, 0
24, 23
24, 1
24, 15
22, 0
22, 5
22, 7
22, 6
22, 10
22, 8
45, 46
47, 46
47, 48
49, 45
49, 50
49, 46
49, 51
49, 52
49, 53
49, 48
49, 47
49, 54
51, 49
51, 46
51, 48
48, 45
48, 51
48, 55
48, 49
48, 46
48, 52
48, 56
48, 47
48, 54
54, 57
54, 58
54, 59
54, 46
54, 60
54, 61
54, 62
54, 63
54, 49
54, 64
54, 65
54, 66
54, 67
54, 68
54, 69
54, 70
67, 49
67, 46
67, 50
67, 60
58, 60
58, 46
58, 48
58, 49
57, 49
57, 46
57, 47
57, 60
65, 46
65, 60
65, 49
65, 47
66, 49
66, 46
66, 60
59, 45
59, 50
59, 60
59, 49
59, 46
52, 46
52, 48
52, 49
52, 71
60, 49
50, 46
68, 46
68, 60
68, 49
68, 47
64, 49
64, 60
63, 49
63, 46
63, 60
69, 49
69, 60
70, 46
70, 60
70, 49
70, 71
61, 49
61, 46
61, 60
62, 49
62, 46
62, 60
62, 48
53, 49
53, 46
56, 48
55, 48
46, 52
72, 73
72, 74
72, 75
72, 76
72, 77
72, 78
79, 80
79, 81
79, 82
79, 83
79, 84
79, 77
79, 85
79, 73
79, 74
79, 86
79, 87
79, 75
79, 88
79, 78
77, 79
77, 74
77, 89
74, 79
74, 77
74, 78
74, 89
88, 79
88, 81
88, 77
80, 79
80, 81
73, 90
73, 81
73, 74
73, 75
73, 77
73, 78
91, 81
91, 73
82, 79
83, 79
87, 79
84, 79
86, 79
76, 72
76, 81
76, 77
85, 79
92, 93
92, 94
92, 95
96, 44
96, 93
97, 98
97, 93
97, 92
97, 96
97, 99
98, 100
93, 14
93, 101
93, 102
93, 92
93, 99
93, 103
93, 95
93, 104
93, 13
93, 97
93, 96
93, 7
93, 100
100, 98
100, 44
100, 92
100, 99
100, 94
100, 105
100, 95
100, 97
100, 93
100, 96
100, 7
101, 93
101, 92
101, 97
101, 94
101, 96
101, 105
101, 95
103, 101
103, 102
103, 92
103, 106
103, 95
103, 97
103, 93
103, 96
103, 99
105, 94
105, 99
104, 94
104, 103
104, 95
106, 101
106, 93
106, 96
106, 103
106, 95
107, 108
107, 109
107, 110
107, 111
107, 112
112, 113
110, 107
110, 111
114, 107
108, 107
108, 111
109, 107
115, 112
115, 113
116, 107
116, 110
116, 112
116, 117
116, 115
118, 112
111, 112
119, 112
119, 118
119, 110
120, 121
122, 123
124, 120
125, 123
126, 123
127, 123
127, 122
121, 128
121, 122
121, 127
121, 123
121, 129
121, 126
121, 125
7, 130
7, 92
7, 131
7, 97
7, 96
7, 15
7, 132
7, 133
7, 134
7, 95
7, 3
7, 135
7, 1
7, 136
7, 5
7, 137
7, 100
7, 138
7, 139
7, 140
7, 13
7, 93
7, 141
7, 116
7, 142
7, 0
7, 98
7, 31
7, 46
7, 17
7, 6
7, 143
7, 144
130, 0
130, 15
130, 140
130, 92
130, 143
130, 46
130, 95
130, 135
130, 131
130, 17
130, 136
130, 96
130, 142
130, 144
136, 7
136, 137
136, 46
131, 0
131, 135
131, 130
131, 143
131, 7
131, 95
145, 99
145, 8
145, 146
141, 138
141, 139
141, 130
141, 140
141, 33
141, 92
141, 131
141, 97
141, 93
141, 96
141, 142
141, 0
141, 98
141, 15
141, 101
141, 132
141, 133
141, 95
141, 3
141, 135
141, 1
141, 136
141, 5
141, 17
141, 143
141, 144
139, 130
139, 33
139, 92
139, 131
139, 97
139, 96
139, 99
139, 14
139, 15
139, 132
139, 133
139, 95
139, 3
139, 104
139, 1
139, 135
139, 136
139, 5
139, 100
139, 146
139, 138
139, 140
139, 8
139, 19
139, 145
139, 13
139, 93
139, 141
139, 18
139, 142
139, 0
139, 98
139, 101
139, 31
139, 105
139, 17
139, 7
139, 143
139, 144
132, 98
132, 139
132, 138
132, 133
132, 3
132, 1
132, 97
132, 5
132, 93
132, 141
147, 148
10, 91
10, 137
10, 144
144, 138
142, 133
146, 135
133, 135
137, 149
137, 91
137, 150
137, 151
149, 137
150, 137
151, 137
152, 153
90, 81
90, 154
90, 155
90, 156
90, 157
90, 158
90, 153
90, 88
90, 159
90, 160
90, 161
90, 77
90, 162
90, 149
90, 163
90, 151
90, 164
163, 81
163, 149
163, 155
163, 160
163, 161
163, 158
156, 165
156, 160
160, 165
160, 91
165, 156
165, 160
166, 167
166, 168
166, 169
166, 170
169, 170
169, 166
157, 155
143, 44
143, 140
143, 33
143, 16
143, 32
143, 134
143, 8
143, 13
143, 137
143, 0
143, 15
143, 30
143, 3
143, 1
143, 17
143, 6
143, 7
140, 0
140, 134
140, 143
179, 180
179, 181
179, 182
179, 183
179, 184
179, 185
179, 186
179, 187
188, 189
188, 190
188, 191
188, 192
188, 180
188, 193
188, 194
188, 195
188, 182
188, 196
188, 197
198, 199
198, 200
198, 196
198, 180
198, 192
198, 201
198, 202
198, 203
198, 195
198, 204
198, 205
198, 206
198, 207
198, 189
198, 208
198, 209
198, 191
198, 193
198, 194
198, 210
198, 197
198, 184
198, 211
212, 189
213, 180
213, 214
215, 193
215, 183
215, 182
216, 182
216, 217
216, 218
201, 194
201, 208
201, 198
201, 183
201, 180
183, 219
208, 183
208, 180
208, 182
214, 194
214, 195
214, 197
214, 180
214, 184
191, 199
191, 200
191, 180
191, 192
191, 202
191, 188
191, 195
191, 204
191, 182
191, 183
191, 205
191, 206
191, 207
191, 189
191, 208
191, 220
191, 213
191, 194
191, 196
191, 215
191, 214
193, 189
193, 211
193, 208
193, 192
193, 194
193, 198
193, 182
193, 196
193, 183
193, 215
193, 197
207, 194
207, 221
207, 217
207, 181
207, 180
207, 183
220, 222
220, 189
220, 191
220, 192
220, 218
220, 194
220, 210
220, 196
220, 223
223, 218
189, 196
189, 191
206, 194
206, 195
206, 191
206, 200
206, 180
203, 192
209, 196
210, 194
211, 219
195, 224
195, 194
195, 180
190, 180
190, 194
190, 192
190, 191
202, 224
202, 180
205, 209
205, 191
205, 196
205, 180
205, 202
200, 194
200, 180
200, 184
199, 189
199, 191
199, 196
199, 220
199, 192
199, 180
199, 202
199, 218
199, 194
199, 195
199, 224
199, 223
222, 225
222, 194
222, 204
222, 223
222, 183
222, 180
222, 218
226, 196
226, 227
226, 228
226, 191
227, 196
227, 226
227, 228
181, 229
181, 217
181, 230
181, 179
181, 183
181, 231
181, 232
181, 233
181, 234
181, 235
181, 236
181, 186
181, 187
237, 238
237, 217
237, 230
237, 239
237, 240
237, 241
221, 217
221, 242
221, 243
221, 230
221, 218
217, 244
217, 180
217, 192
217, 243
217, 230
217, 245
217, 246
217, 247
217, 248
217, 249
217, 241
217, 239
217, 250
217, 240
217, 251
217, 252
217, 253
192, 217
192, 230
192, 254
192, 255
192, 239
192, 256
192, 257
192, 241
192, 258
192, 259
192, 260
192, 261
192, 262
192, 179
253, 217
253, 230
224, 263
224, 217
224, 240
224, 264
224, 183
224, 265
224, 266
224, 230
224, 241
224, 267
224, 182
224, 268
224, 218
224, 269
270, 217
270, 183
270, 180
204, 217
204, 271
204, 272
204, 230
204, 241
204, 184
184, 217
184, 253
184, 243
184, 179
184, 230
184, 241
273, 217
273, 274
273, 239
182, 217
182, 275
182, 276
182, 277
182, 230
182, 278
182, 279
182, 280
182, 281
182, 282
182, 283
182, 284
225, 217
225, 230
225, 221
225, 285
286, 287
288, 181
288, 243
289, 290
289, 229
289, 253
289, 291
289, 292
289, 293
294, 295
294, 229
294, 292
294, 253
233, 181
233, 286
235, 233
235, 229
235, 288
235, 181
235, 296
235, 289
235, 297
235, 290
235, 298
235, 292
231, 233
231, 229
231, 181
231, 296
231, 289
231, 297
231, 298
231, 290
299, 300
299, 181
299, 217
300, 299
300, 217
301, 302
301, 303
301, 304
305, 304
305, 303
305, 306
305, 307
305, 308
305, 309
305, 310
304, 303
308, 304
308, 303
308, 311
308, 312
307, 313
307, 304
307, 303
307, 309
314, 315
316, 317
316, 318
316, 319
316, 295
316, 320
316, 321
316, 292
318, 319
322, 323
322, 286
322, 324
322, 320
317, 229
317, 318
317, 319
317, 295
317, 320
317, 325
317, 290
317, 322
317, 286
320, 325
320, 319
320, 322
326, 327
326, 310
326, 328
292, 329
292, 330
292, 331
292, 332
292, 333
292, 306
292, 334
292, 335
292, 336
292, 287
292, 337
292, 286
298, 179
298, 286
298, 295
298, 181
298, 325
298, 338
295, 325
325, 290
325, 229
325, 324
325, 253
325, 292
338, 179
338, 229
338, 324
338, 290
338, 325
338, 292
338, 286
339, 324
339, 179
185, 229
185, 179
185, 290
340, 341
340, 312
342, 217
342, 312
312, 217
312, 342
309, 181
309, 343
309, 344
309, 311
309, 303
309, 313
309, 292
309, 232
309, 286
345, 343
345, 346
345, 217
345, 312
343, 217
343, 302
343, 346
343, 253
343, 347
343, 348
343, 303
343, 345
343, 341
343, 312
313, 183
313, 303
313, 286
234, 349
234, 309
234, 253
234, 232
234, 286
349, 292
349, 253
350, 327
350, 306
350, 303
350, 295
350, 321
350, 351
350, 352
350, 286
352, 316
352, 327
352, 229
352, 353
352, 306
352, 311
352, 303
352, 318
352, 350
352, 320
352, 295
352, 354
352, 321
352, 351
352, 286
354, 217
354, 351
354, 321
354, 353
354, 355
354, 292
354, 286
355, 217
355, 314
355, 353
355, 356
355, 357
355, 354
355, 321
355, 351
355, 286
357, 257
357, 260
357, 335
357, 217
357, 356
321, 358
321, 217
321, 346
321, 229
321, 290
321, 286
358, 290
358, 346
358, 229
358, 321
358, 217
353, 217
353, 359
359, 353
359, 217
356, 321
356, 353
360, 315
360, 229
360, 361
360, 353
360, 305
360, 356
360, 311
360, 303
360, 321
360, 362
360, 286
363, 299
363, 229
363, 361
363, 353
363, 290
363, 321
363, 183
363, 286
362, 304
362, 303
362, 182
364, 183
364, 353
361, 286
327, 303
327, 229
327, 318
327, 319
327, 325
327, 290
327, 322
365, 181
365, 310
365, 286
310, 351
187, 229
186, 179
346, 217
346, 366
366, 346
366, 217
303, 346
303, 229
303, 367
303, 306
303, 192
303, 311
303, 368
303, 369
303, 309
303, 286
311, 302
311, 343
311, 312
311, 347
311, 306
311, 305
311, 348
311, 304
311, 286
311, 303
311, 341
311, 309
311, 301
368, 303
368, 309
369, 311
369, 303
367, 303
367, 368
370, 371
370, 217
370, 286
238, 329
238, 331
238, 306
238, 260
238, 335
238, 217
238, 237
238, 292
238, 330
238, 286
238, 372
238, 334
238, 370
238, 257
371, 217
372, 371
251, 292
251, 286
239, 217
239, 373
239, 286
374, 217
260, 375
260, 217
260, 331
260, 334
260, 335
260, 257
260, 245
260, 292
260, 286
245, 217
245, 292
245, 286
376, 217
376, 331
376, 260
376, 286
247, 217
257, 375
257, 217
377, 292
377, 253
241, 286
373, 239
373, 217
373, 286
246, 377
246, 253
246, 331
246, 286
250, 243
378, 217
378, 379
378, 380
378, 381
378, 292
331, 329
331, 287
331, 184
331, 337
331, 335
331, 292
331, 382
379, 378
379, 381
379, 217
381, 217
381, 383
381, 380
381, 384
381, 292
381, 286
384, 381
384, 217
383, 381
383, 217
383, 286
380, 378
380, 217
380, 385
380, 386
380, 292
380, 387
380, 286
386, 378
386, 217
386, 380
386, 286
388, 292
388, 380
388, 217
388, 387
388, 286
387, 217
387, 389
387, 388
387, 380
387, 390
387, 292
387, 286
389, 217
389, 387
390, 217
390, 387
390, 286
385, 217
385, 391
385, 380
385, 387
385, 286
391, 385
391, 217
391, 387
259, 331
259, 192
259, 392
259, 217
259, 182
259, 286
258, 192
258, 292
392, 192
392, 334
392, 217
393, 224
393, 394
393, 217
393, 286
269, 294
269, 217
269, 340
269, 224
269, 333
269, 289
269, 306
269, 336
269, 395
269, 292
269, 233
269, 326
269, 185
269, 324
269, 332
269, 314
269, 235
269, 317
269, 295
269, 342
269, 309
269, 323
269, 329
269, 396
269, 299
269, 347
269, 291
269, 318
269, 315
269, 397
269, 398
269, 305
269, 236
269, 399
269, 320
269, 298
269, 229
269, 297
269, 308
269, 287
269, 319
269, 231
269, 330
269, 312
269, 334
269, 400
269, 401
269, 257
269, 300
269, 339
269, 296
269, 322
269, 338
269, 316
269, 331
269, 402
269, 393
269, 307
269, 260
269, 293
269, 335
269, 325
269, 290
269, 286
269, 302
269, 288
269, 403
269, 242
269, 304
269, 337
269, 301
266, 374
404, 217
334, 329
334, 287
334, 331
334, 337
334, 333
334, 286
405, 406
394, 224
394, 217
395, 224
395, 394
395, 217
402, 292
402, 269
402, 286
398, 224
407, 408
407, 184
407, 409
407, 272
407, 204
407, 410
407, 411
407, 412
407, 217
407, 286
413, 292
413, 286
413, 204
413, 414
413, 407
271, 329
271, 413
271, 260
271, 335
271, 217
271, 204
271, 292
271, 286
271, 407
271, 414
271, 272
271, 257
271, 412
272, 217
272, 184
272, 204
272, 415
415, 272
415, 184
415, 217
408, 217
408, 416
408, 417
416, 408
416, 217
416, 417
410, 408
410, 217
410, 204
410, 418
418, 408
418, 204
418, 217
418, 410
417, 224
417, 217
417, 419
419, 217
419, 417
411, 420
420, 421
420, 217
420, 422
420, 423
330, 332
330, 217
330, 181
330, 334
330, 287
330, 337
330, 286
422, 420
422, 217
422, 421
421, 217
421, 184
421, 417
421, 424
421, 425
421, 426
421, 427
426, 184
426, 421
426, 427
426, 217
426, 417
427, 217
427, 428
428, 427
428, 217
425, 286
409, 217
409, 429
409, 221
429, 409
429, 217
430, 431
274, 329
274, 217
274, 260
274, 335
274, 430
274, 257
274, 431
274, 273
274, 292
274, 286
432, 433
432, 275
432, 385
432, 217
432, 286
433, 385
433, 217
433, 275
434, 292
434, 253
435, 385
435, 433
435, 217
280, 329
280, 217
280, 331
280, 432
280, 182
280, 260
280, 335
280, 435
280, 292
280, 286
280, 334
280, 436
280, 257
280, 284
281, 286
281, 217
281, 434
281, 182
436, 217
436, 437
278, 217
278, 436
437, 436
437, 217
277, 438
277, 217
277, 179
277, 182
277, 380
277, 198
277, 286
438, 277
438, 179
438, 217
284, 439
284, 217
284, 380
284, 182
284, 277
284, 286
439, 284
439, 277
439, 217
282, 292
282, 284
282, 182
282, 217
306, 329
306, 335
306, 336
275, 329
275, 217
275, 440
275, 306
275, 182
275, 335
275, 198
275, 380
275, 441
275, 442
275, 381
275, 292
275, 330
275, 443
275, 286
275, 444
275, 334
275, 445
275, 446
275, 447
275, 448
275, 449
440, 329
440, 292
440, 275
440, 335
440, 217
440, 286
447, 217
447, 275
447, 286
441, 292
441, 217
441, 275
441, 286
445, 292
445, 217
445, 275
445, 286
448, 292
448, 217
448, 275
449, 329
449, 217
449, 275
443, 335
443, 217
443, 275
446, 334
446, 217
446, 275
442, 217
442, 275
442, 330
444, 306
444, 217
444, 275
276, 329
276, 198
276, 182
276, 275
276, 292
276, 217
450, 225
450, 451
451, 225
285, 217
285, 225
285, 260
285, 335
285, 286
285, 451
285, 221
285, 257
285, 450
255, 286
256, 255
256, 261
452, 256
262, 261
333, 287
333, 286
332, 255
332, 337
403, 323
403, 343
403, 229
403, 347
403, 289
403, 348
403, 306
403, 291
403, 293
403, 341
403, 321
403, 351
403, 292
403, 290
403, 350
403, 286
403, 302
403, 346
403, 303
403, 401
403, 295
403, 328
403, 327
401, 290
401, 403
297, 286
297, 293
297, 181
396, 294
396, 346
396, 229
396, 403
396, 289
396, 217
396, 298
396, 253
290, 233
290, 217
290, 299
290, 181
290, 400
400, 290
400, 299
400, 217
229, 181
229, 217
229, 399
399, 229
399, 217
296, 286
296, 291
296, 181
465, 466
465, 467
465, 468
465, 469
465, 470
465, 471
465, 472
465, 473
465, 474
465, 475
465, 476
465, 477
465, 478
479, 467
479, 468
479, 480
479, 471
479, 472
479, 481
479, 482
479, 474
479, 483
479, 475
479, 476
479, 477
479, 478
484, 485
484, 471
467, 466
467, 486
467, 473
467, 471
487, 488
489, 468
489, 490
489, 471
489, 474
489, 483
489, 485
489, 477
491, 474
491, 479
491, 476
491, 471
492, 468
492, 489
492, 485
492, 490
492, 471
492, 474
492, 483
492, 477
477, 469
477, 489
477, 471
477, 492
477, 473
493, 471
483, 474
483, 471
473, 494
481, 490
481, 471
481, 474
481, 483
481, 473
470, 471
470, 465
470, 477
470, 486
470, 473
490, 474
490, 471
495, 494
466, 467
466, 471
466, 465
466, 495
466, 473
466, 475
466, 477
466, 486
476, 474
476, 471
485, 468
485, 484
485, 471
485, 477
485, 472
485, 474
485, 483
485, 493
480, 479
480, 471
468, 479
468, 471
468, 474
468, 472
468, 476
482, 466
482, 479
482, 471
482, 491
482, 474
482, 475
482, 476
482, 486
472, 471
478, 488
478, 469
478, 471
478, 474
478, 496
478, 473
497, 498
497, 479
499, 500
501, 496
501, 500
501, 471
496, 502
496, 500
496, 503
496, 504
496, 505
506, 507
506, 496
506, 500
502, 496
502, 500
502, 505
508, 469
508, 500
508, 471
508, 496
508, 473
505, 508
505, 500
505, 471
505, 501
505, 496
509, 508
509, 500
509, 501
509, 496
509, 506
469, 508
469, 500
469, 501
469, 496
469, 506
512, 513
514, 515
514, 516
517, 518
517, 519
517, 520
517, 515
520, 516
520, 515
520, 518
520, 521
522, 516
523, 524
523, 516
525, 526
525, 519
525, 527
525, 528
525, 520
525, 529
525, 515
525, 518
530, 529
531, 520
531, 515
532, 519
532, 533
532, 534
532, 535
532, 536
532, 537
532, 538
532, 539
532, 518
529, 520
540, 519
540, 533
540, 516
534, 516
534, 529
534, 518
534, 519
541, 516
541, 529
519, 542
519, 516
519, 521
542, 529
542, 524
542, 520
542, 516
533, 516
533, 529
543, 522
543, 544
543, 545
543, 546
543, 547
543, 548
543, 549
543, 550
543, 551
543, 552
543, 515
543, 553
543, 554
543, 555
543, 556
543, 557
558, 526
558, 527
559, 560
559, 526
559, 558
559, 561
559, 562
559, 529
559, 563
559, 542
559, 518
559, 564
527, 560
527, 526
527, 558
527, 561
527, 562
527, 565
527, 563
527, 518
566, 526
566, 567
566, 568
566, 569
566, 529
566, 570
566, 518
566, 571
566, 572
566, 573
566, 574
566, 575
566, 576
566, 577
566, 559
566, 578
566, 579
537, 580
537, 581
537, 531
537, 538
537, 562
565, 542
565, 564
582, 583
582, 584
582, 526
585, 526
585, 586
585, 587
585, 588
585, 521
585, 589
585, 578
585, 571
585, 527
590, 591
590, 526
590, 567
590, 592
593, 526
593, 594
593, 527
578, 595
578, 571
578, 526
578, 518
578, 527
583, 596
583, 526
583, 597
583, 598
583, 599
583, 520
583, 569
583, 538
583, 600
583, 529
583, 518
583, 601
583, 602
583, 574
583, 559
583, 603
583, 604
583, 579
605, 526
605, 586
605, 587
605, 588
605, 521
605, 589
605, 571
605, 527
606, 526
606, 587
606, 588
606, 607
606, 521
606, 589
606, 527
601, 526
601, 608
601, 529
601, 562
601, 609
601, 538
601, 571
601, 610
601, 611
601, 612
601, 559
601, 578
601, 613
601, 614
615, 526
615, 587
615, 562
615, 588
615, 521
615, 589
615, 571
615, 527
595, 571
595, 526
595, 518
595, 527
600, 526
600, 616
600, 599
600, 617
600, 520
600, 521
600, 518
600, 527
600, 602
600, 587
600, 574
600, 618
600, 579
561, 526
564, 582
619, 526
619, 567
619, 608
619, 529
619, 562
619, 609
619, 538
619, 571
619, 518
619, 610
619, 611
619, 620
619, 613
619, 614
621, 622
621, 529
621, 530
623, 624
623, 625
623, 518
524, 516
626, 526
626, 627
628, 526
629, 526
630, 526
631, 526
631, 613
632, 526
632, 589
633, 529
634, 526
634, 635
634, 562
634, 568
634, 553
634, 619
634, 580
634, 518
634, 614
636, 526
636, 637
638, 529
638, 526
572, 529
572, 526
587, 526
576, 639
576, 526
576, 567
576, 640
576, 562
576, 641
576, 642
576, 568
576, 538
576, 570
576, 518
576, 643
576, 529
576, 644
576, 645
576, 646
577, 518
577, 526
577, 567
577, 587
577, 529
577, 562
577, 521
577, 647
577, 627
577, 571
608, 558
608, 586
608, 526
608, 561
608, 587
608, 529
608, 588
608, 521
608, 590
608, 589
608, 563
608, 571
610, 648
610, 558
610, 526
610, 561
610, 587
610, 529
610, 611
610, 521
610, 590
610, 613
610, 563
610, 571
649, 529
649, 526
650, 526
650, 587
650, 529
650, 562
650, 588
650, 521
650, 589
650, 571
598, 558
598, 526
598, 590
598, 561
598, 563
598, 529
597, 526
597, 586
597, 587
597, 529
597, 562
597, 588
597, 521
597, 589
597, 571
651, 526
651, 586
651, 587
651, 529
651, 562
651, 588
651, 521
651, 589
651, 571
652, 526
652, 587
652, 529
652, 562
652, 588
652, 521
652, 589
652, 571
596, 526
596, 587
596, 529
596, 568
596, 521
596, 653
596, 654
596, 571
596, 655
656, 525
656, 526
656, 529
656, 518
603, 529
603, 657
603, 526
609, 526
609, 587
609, 529
609, 568
609, 521
609, 653
609, 654
609, 571
609, 655
658, 659
658, 660
658, 661
662, 659
662, 660
662, 661
663, 662
663, 661
664, 659
664, 660
664, 661
665, 666
665, 658
665, 664
665, 663
665, 661
661, 659
667, 665
659, 661
666, 659
666, 660
666, 661
660, 659
660, 661
668, 661
614, 659
614, 661
669, 670
669, 592
671, 672
671, 670
673, 670
673, 627
670, 567
674, 670
674, 613
675, 567
676, 670
676, 641
677, 670
677, 589
653, 670
653, 568
678, 670
678, 679
680, 681
680, 670
682, 553
682, 548
682, 544
550, 515
557, 551
552, 543
683, 669
683, 567
683, 592
684, 671
685, 673
620, 567
611, 567
611, 674
611, 675
611, 613
686, 676
687, 567
687, 589
687, 677
654, 653
654, 567
654, 568
688, 678
689, 681
689, 567
689, 680
690, 691
690, 677
563, 562
573, 562
573, 538
573, 525
573, 692
693, 694
693, 562
639, 567
639, 571
591, 567
591, 592
591, 571
695, 566
695, 636
695, 535
695, 562
695, 537
695, 637
695, 532
695, 518
570, 654
570, 567
570, 568
570, 571
696, 654
696, 567
696, 568
696, 571
618, 567
618, 571
643, 692
643, 646
643, 538
643, 562
643, 642
697, 524
697, 567
697, 571
579, 698
579, 526
579, 514
574, 517
574, 699
574, 698
604, 700
604, 698
701, 562
702, 562
702, 589
702, 637
539, 637
536, 637
703, 704
703, 625
703, 518
705, 704
705, 518
705, 703
706, 625
706, 589
706, 518
607, 589
607, 706
707, 625
707, 602
707, 518
599, 707
599, 602
599, 518
528, 521
708, 540
571, 709
571, 540
571, 683
571, 611
571, 710
571, 685
571, 686
571, 690
571, 687
657, 526
657, 630
657, 605
657, 615
647, 711
647, 626
647, 627
647, 632
647, 562
594, 600
594, 628
594, 526
594, 518
569, 529
648, 711
648, 619
648, 526
648, 518
648, 631
648, 613
588, 711
588, 566
588, 526
588, 562
588, 523
588, 537
588, 607
588, 589
588, 632
588, 518
712, 711
712, 566
712, 526
712, 562
712, 523
712, 537
712, 607
712, 589
712, 632
712, 518
655, 711
655, 566
655, 634
655, 526
655, 562
655, 523
655, 537
655, 568
655, 518
617, 695
617, 636
617, 536
617, 677
617, 637
617, 532
617, 589
617, 571
617, 702
713, 526
713, 587
713, 529
713, 562
713, 714
713, 521
713, 589
713, 538
713, 571
715, 716
715, 526
715, 525
715, 529
715, 562
715, 642
715, 717
715, 624
715, 518
715, 623
718, 526
718, 713
718, 719
718, 720
718, 529
718, 562
718, 621
718, 721
718, 715
718, 622
718, 530
719, 708
719, 526
719, 722
719, 563
719, 529
719, 562
719, 723
720, 526
720, 586
720, 587
720, 724
720, 562
720, 714
720, 521
720, 725
720, 589
720, 538
720, 571
721, 526
721, 726
721, 529
721, 562
721, 677
721, 589
721, 538
721, 727
721, 571
725, 529
725, 720
728, 729
700, 730
731, 729
732, 729
733, 518
733, 613
733, 611
733, 538
733, 675
733, 571
645, 518
645, 531
645, 562
645, 537
640, 518
640, 531
640, 646
734, 644
734, 686
734, 676
734, 641
734, 571
735, 562
518, 524
736, 737
699, 738
739, 737
714, 639
714, 526
714, 567
714, 692
714, 562
714, 642
714, 740
714, 589
714, 538
714, 571
714, 518
714, 643
714, 741
714, 645
714, 646
714, 525
726, 639
726, 526
726, 567
726, 692
726, 562
726, 642
726, 740
726, 589
726, 538
726, 571
726, 518
726, 643
726, 741
726, 645
726, 646
726, 525
724, 526
553, 543
553, 742
553, 544
553, 547
553, 743
553, 548
742, 553
742, 744
742, 544
742, 682
742, 543
544, 548
544, 543
581, 562
581, 537
646, 518
646, 526
646, 516
646, 642
646, 537
538, 516
538, 518
740, 526
740, 741
740, 745
746, 747
746, 551
747, 548
747, 550
747, 551
548, 551
586, 529
586, 589
710, 529
710, 540
710, 519
709, 540
709, 537
717, 624
717, 716
717, 715
717, 748
749, 529
622, 529
723, 750
723, 722
750, 670
750, 722
644, 641
644, 751
612, 571
612, 526
612, 567
612, 611
612, 697
612, 562
612, 528
612, 752
612, 538
612, 753
612, 754
612, 614
612, 518
612, 527
575, 518
575, 526
575, 567
575, 696
575, 568
575, 527
635, 553
635, 548
635, 544
580, 553
580, 529
580, 543
580, 557
743, 755
716, 526
716, 642
716, 741
716, 715
716, 624
716, 646
716, 740
716, 525
756, 526
756, 589
560, 526
692, 526
783, 784
785, 786
785, 787
785, 788
785, 789
785, 790
785, 791
785, 792
785, 793
794, 795
794, 793
794, 789
784, 787
784, 796
784, 794
784, 797
784, 793
784, 789
798, 799
798, 800
798, 794
798, 801
798, 802
798, 803
798, 791
798, 804
798, 805
798, 806
798, 807
798, 789
798, 793
798, 808
809, 810
805, 787
805, 811
805, 806
805, 791
812, 813
812, 787
812, 796
799, 793
799, 798
799, 803
799, 801
799, 811
799, 791
791, 814
803, 793
803, 787
803, 791
806, 795
806, 801
806, 803
806, 791
806, 810
806, 815
806, 787
806, 805
806, 798
806, 816
806, 811
806, 808
817, 793
817, 795
817, 818
817, 810
817, 787
817, 806
817, 819
817, 811
817, 808
818, 817
818, 820
818, 795
818, 800
818, 801
818, 803
818, 821
818, 822
818, 787
818, 805
818, 807
818, 823
818, 802
818, 791
818, 824
818, 810
818, 804
818, 793
818, 808
800, 793
800, 825
800, 786
800, 801
800, 811
800, 791
824, 826
824, 827
824, 795
824, 801
824, 796
824, 818
824, 810
824, 828
824, 811
824, 808
826, 796
810, 818
810, 808
815, 795
829, 808
828, 801
816, 814
804, 801
804, 793
819, 818
819, 801
819, 793
819, 795
819, 811
820, 793
821, 818
821, 793
821, 820
821, 829
821, 808
807, 802
807, 793
802, 801
802, 789
802, 793
823, 826
823, 820
823, 795
823, 801
823, 824
823, 818
823, 810
823, 804
823, 793
823, 796
823, 808
827, 830
827, 826
827, 822
827, 793
827, 801
827, 796
827, 791
831, 784
832, 784
833, 784
834, 786
834, 818
834, 784
786, 835
786, 825
786, 785
786, 836
786, 837
786, 838
786, 839
786, 788
786, 840
786, 841
786, 791
786, 842
786, 792
843, 844
843, 825
843, 836
843, 845
843, 846
843, 847
797, 825
797, 848
797, 849
797, 836
797, 796
850, 851
850, 825
850, 844
850, 852
850, 836
850, 845
850, 787
850, 793
850, 853
850, 854
850, 855
850, 856
850, 857
825, 844
825, 858
825, 859
825, 860
825, 795
825, 849
825, 861
825, 836
825, 845
825, 787
825, 862
825, 863
825, 864
825, 865
825, 847
825, 855
825, 866
825, 793
825, 867
795, 825
795, 868
795, 869
795, 870
795, 836
795, 845
795, 871
795, 872
795, 844
795, 873
795, 874
795, 875
795, 876
867, 825
867, 836
877, 878
877, 879
877, 825
877, 836
877, 880
877, 794
877, 881
877, 882
877, 883
877, 884
877, 885
877, 886
877, 887
877, 888
877, 845
877, 796
877, 889
877, 890
877, 847
877, 844
877, 891
877, 787
877, 892
877, 893
877, 894
877, 895
896, 825
896, 793
896, 791
822, 825
822, 897
822, 898
822, 836
822, 845
822, 789
789, 836
789, 825
789, 794
789, 867
789, 849
789, 845
789, 784
899, 844
899, 825
899, 900
787, 825
787, 901
787, 836
787, 902
787, 903
787, 904
787, 905
787, 906
787, 907
787, 844
787, 908
787, 909
787, 910
787, 911
787, 912
787, 913
787, 914
787, 915
830, 825
830, 844
830, 916
830, 836
830, 797
917, 918
917, 853
906, 904
906, 919
906, 787
906, 825
920, 921
922, 786
922, 849
923, 924
923, 835
923, 867
923, 925
923, 919
923, 926
927, 928
927, 835
927, 919
927, 867
839, 786
839, 920
841, 839
841, 835
841, 922
841, 786
841, 929
841, 923
841, 930
841, 924
841, 931
841, 919
837, 839
837, 835
837, 786
837, 929
837, 923
837, 930
837, 931
837, 924
932, 933
932, 786
932, 825
933, 932
933, 825
934, 935
934, 936
934, 937
938, 936
938, 937
938, 939
938, 940
938, 941
938, 942
938, 943
936, 937
942, 936
942, 944
942, 937
942, 945
941, 946
941, 936
941, 937
941, 943
947, 948
949, 950
949, 951
949, 952
949, 928
949, 953
949, 954
949, 919
951, 952
955, 956
955, 920
955, 957
955, 953
950, 835
950, 951
950, 952
950, 928
950, 953
950, 958
950, 959
950, 924
950, 955
950, 920
953, 958
953, 952
953, 955
960, 961
960, 939
960, 962
919, 963
919, 964
919, 965
919, 966
919, 967
919, 940
919, 968
919, 969
919, 970
919, 921
919, 971
919, 794
919, 920
931, 785
931, 920
931, 928
931, 786
931, 958
931, 972
928, 958
958, 924
958, 835
958, 957
958, 867
958, 919
972, 785
972, 835
972, 957
972, 924
972, 958
972, 919
972, 920
973, 957
973, 785
790, 835
790, 785
790, 924
974, 975
974, 945
976, 825
976, 945
945, 825
945, 976
943, 786
943, 977
943, 978
943, 937
943, 944
943, 946
943, 919
943, 838
943, 920
979, 977
979, 959
979, 825
979, 945
977, 825
977, 935
977, 867
977, 980
977, 981
977, 937
977, 979
977, 975
977, 959
977, 945
946, 937
946, 920
946, 791
840, 982
840, 943
840, 867
840, 838
840, 920
982, 919
982, 867
983, 961
983, 984
983, 940
983, 937
983, 928
983, 954
983, 985
983, 920
985, 949
985, 961
985, 835
985, 984
985, 986
985, 940
985, 937
985, 944
985, 951
985, 983
985, 953
985, 928
985, 987
985, 954
985, 920
987, 825
987, 984
987, 954
987, 986
987, 988
987, 919
987, 920
988, 825
988, 984
988, 947
988, 986
988, 989
988, 990
988, 987
988, 954
988, 920
990, 876
990, 965
990, 874
990, 825
990, 989
954, 991
954, 825
954, 835
954, 959
954, 924
954, 920
991, 924
991, 835
991, 954
991, 959
991, 825
986, 825
986, 992
992, 986
992, 825
989, 954
989, 986
993, 948
993, 835
993, 994
993, 986
993, 938
993, 989
993, 937
993, 944
993, 954
993, 995
993, 920
996, 932
996, 835
996, 994
996, 986
996, 791
996, 954
996, 924
996, 920
995, 936
995, 787
995, 937
997, 986
997, 791
994, 920
961, 937
961, 835
961, 951
961, 952
961, 958
961, 924
961, 955
998, 786
998, 939
998, 920
939, 984
792, 835
788, 785
959, 825
959, 999
999, 959
999, 825
937, 835
937, 1000
937, 940
937, 795
937, 944
937, 1001
937, 1002
937, 959
937, 943
937, 920
944, 935
944, 977
944, 945
944, 980
944, 940
944, 938
944, 981
944, 936
944, 920
944, 937
944, 975
944, 943
944, 934
1001, 937
1001, 943
1000, 937
1000, 944
1002, 937
1002, 1001
1003, 1004
1003, 825
1003, 920
846, 963
846, 843
846, 965
846, 1003
846, 940
846, 969
846, 825
846, 919
846, 964
846, 874
846, 920
846, 968
846, 876
846, 1005
1004, 825
1005, 1004
1006, 857
1006, 918
856, 963
856, 965
856, 874
856, 850
856, 918
856, 1007
856, 825
856, 876
856, 1008
856, 920
1008, 850
852, 917
852, 850
852, 853
852, 1006
852, 920
851, 918
851, 785
851, 825
866, 920
866, 919
866, 794
844, 825
844, 1009
844, 920
1010, 825
876, 963
876, 825
876, 965
876, 940
876, 862
876, 1011
876, 919
876, 964
876, 920
876, 874
876, 968
862, 825
862, 920
862, 919
1012, 825
1012, 876
1012, 968
1012, 920
863, 825
965, 963
965, 921
965, 789
965, 971
965, 1013
965, 969
965, 919
874, 1011
874, 794
874, 784
1014, 919
1014, 867
845, 920
1009, 844
1009, 825
1009, 920
864, 867
864, 1014
864, 965
864, 920
858, 849
1015, 825
1015, 1016
1016, 1015
1016, 825
1017, 825
1017, 1018
1017, 1019
1017, 1020
1017, 919
1019, 1020
1019, 825
1019, 1017
1020, 825
1020, 1021
1020, 1018
1020, 1022
1020, 919
1020, 920
1022, 1020
1022, 825
1021, 1020
1021, 825
1021, 920
1018, 825
1018, 1017
1018, 1023
1018, 1024
1018, 1025
1018, 919
1018, 920
1024, 1018
1024, 825
1024, 1017
1024, 920
1026, 919
1026, 1018
1026, 1023
1026, 825
1026, 920
1023, 825
1023, 1018
1023, 1026
1023, 1027
1023, 919
1023, 1028
1023, 920
1027, 1023
1027, 825
1028, 1023
1028, 825
1028, 920
1025, 825
1025, 920
1025, 1018
1025, 1023
1025, 1029
1029, 1023
1029, 1025
1029, 825
968, 963
968, 921
968, 965
968, 971
968, 967
968, 920
873, 965
873, 795
873, 825
873, 787
873, 1030
873, 920
869, 795
869, 919
1030, 795
1030, 968
1030, 825
1031, 1032
1031, 877
1031, 825
1031, 920
878, 927
878, 825
878, 877
878, 974
878, 967
878, 923
878, 940
878, 970
878, 919
878, 839
878, 960
878, 790
878, 957
878, 966
878, 947
878, 841
878, 950
878, 928
878, 976
878, 943
878, 956
878, 963
878, 1033
878, 932
878, 980
878, 925
878, 951
878, 948
878, 1034
878, 938
878, 842
878, 1035
878, 953
878, 931
878, 1036
878, 835
878, 930
878, 942
878, 921
878, 952
878, 837
878, 964
878, 945
878, 1031
878, 1037
878, 968
878, 1038
878, 1039
878, 933
878, 973
878, 929
878, 955
878, 972
878, 949
878, 965
878, 941
878, 969
878, 926
878, 1040
878, 958
878, 924
878, 920
878, 935
878, 874
878, 922
878, 1041
878, 848
878, 936
878, 876
878, 971
878, 934
893, 1010
1042, 1043
1032, 877
1032, 825
1037, 877
1037, 1032
1037, 825
1040, 878
1040, 919
1040, 920
1036, 877
884, 963
884, 878
884, 877
884, 825
884, 919
884, 920
890, 879
883, 878
883, 877
883, 825
883, 920
895, 877
895, 878
895, 825
895, 920
894, 963
894, 877
894, 878
894, 969
894, 825
894, 919
894, 920
889, 877
891, 877
891, 825
888, 963
888, 878
888, 877
888, 825
888, 920
964, 966
964, 825
964, 786
964, 968
964, 921
964, 971
964, 920
885, 877
885, 825
881, 963
881, 965
881, 878
881, 877
881, 969
881, 825
881, 919
881, 920
881, 968
1044, 825
1044, 1045
1044, 1015
1045, 1015
1045, 1044
1045, 825
1046, 1044
1046, 825
1047, 963
1047, 1048
1047, 789
1047, 1049
1047, 969
1047, 1046
1047, 1050
1047, 1051
1047, 822
1047, 1044
1047, 920
1047, 784
1047, 968
1047, 1052
1047, 794
1047, 1053
1047, 897
1054, 920
1054, 822
1054, 1055
1054, 1047
1054, 919
898, 963
898, 1048
898, 965
898, 1054
898, 1047
898, 969
898, 825
898, 822
898, 919
898, 874
898, 920
898, 1055
898, 897
898, 876
897, 825
897, 789
897, 1056
897, 822
1056, 897
1056, 789
1056, 825
1050, 825
1050, 1057
1050, 1058
1057, 1058
1057, 1050
1057, 825
1049, 1059
1049, 825
1049, 1050
1049, 822
1059, 1050
1059, 1049
1059, 822
1059, 825
1058, 1060
1058, 825
1060, 1058
1060, 825
1053, 1061
940, 963
940, 969
940, 970
1062, 1051
1062, 825
1062, 920
1061, 825
1061, 1063
1061, 1051
1061, 1064
1064, 1061
1064, 1051
1064, 825
1051, 825
1051, 789
1051, 1065
1051, 1066
1051, 1062
1051, 1067
1051, 1068
1051, 1058
1051, 920
1067, 1068
1067, 789
1067, 1051
1067, 1058
1067, 825
1068, 825
1068, 1069
1069, 1068
1069, 825
1066, 1051
1066, 920
1052, 825
1052, 1070
1052, 797
1070, 825
1070, 1052
1071, 1072
900, 963
900, 899
900, 964
900, 1072
900, 965
900, 1071
900, 874
900, 825
900, 876
900, 919
900, 920
1073, 1074
1073, 911
1073, 1025
1073, 825
1073, 920
1074, 1025
1074, 825
1074, 911
1075, 919
1075, 867
1076, 1074
1076, 1025
1076, 794
901, 963
901, 907
901, 965
901, 787
901, 969
901, 825
901, 1076
901, 919
901, 964
901, 874
901, 920
901, 968
901, 1073
901, 904
901, 876
903, 825
903, 920
903, 1075
903, 787
907, 825
907, 1077
913, 907
913, 825
1077, 907
1077, 825
912, 787
912, 825
912, 901
912, 919
912, 920
905, 825
905, 901
905, 919
905, 920
908, 963
908, 787
908, 825
908, 901
908, 919
908, 920
915, 825
915, 787
915, 901
915, 919
915, 920
909, 825
909, 784
909, 1078
909, 794
909, 785
909, 787
909, 1018
909, 798
909, 920
1078, 784
1078, 785
1078, 909
1078, 825
1078, 794
904, 825
904, 1018
904, 909
904, 1079
904, 787
904, 920
1079, 909
1079, 904
1079, 825
911, 963
911, 825
911, 1080
911, 940
911, 787
911, 969
911, 1081
911, 1082
911, 1083
911, 1084
911, 1085
911, 919
911, 964
911, 920
911, 784
911, 968
911, 794
911, 1086
911, 1087
911, 1018
911, 798
911, 1020
911, 1088
911, 1089
1080, 963
1080, 919
1080, 784
1080, 969
1080, 794
1080, 911
1080, 825
1080, 920
1087, 920
1087, 825
1087, 911
1086, 920
1086, 919
1086, 825
1086, 911
1082, 920
1082, 919
1082, 825
1082, 911
1088, 919
1088, 825
1088, 911
1083, 963
1083, 825
1083, 911
1085, 969
1085, 825
1085, 911
1084, 968
1084, 825
1084, 911
1089, 964
1089, 825
1089, 911
1081, 940
1081, 825
1081, 911
902, 963
902, 787
902, 798
902, 919
902, 825
902, 911
1090, 830
1090, 1091
1091, 830
916, 963
916, 825
916, 830
916, 965
916, 1090
916, 964
916, 874
916, 920
916, 1091
916, 876
916, 797
1013, 794
868, 920
872, 868
872, 875
1092, 872
871, 875
967, 921
967, 920
966, 868
966, 971
1041, 956
1041, 977
1041, 835
1041, 980
1041, 923
1041, 981
1041, 940
1041, 925
1041, 926
1041, 937
1041, 975
1041, 954
1041, 959
1041, 919
1041, 924
1041, 983
1041, 920
1041, 935
1041, 984
1041, 1039
1041, 928
1041, 962
1041, 961
1039, 924
1039, 1041
930, 920
930, 926
930, 786
1033, 927
1033, 835
1033, 1041
1033, 923
1033, 825
1033, 931
1033, 867
1033, 959
924, 839
924, 825
924, 932
924, 786
924, 1038
1038, 924
1038, 932
1038, 825
835, 786
835, 825
835, 1035
1035, 835
1035, 825
929, 920
929, 925
929, 786
1109, 1110
1111, 1112
1111, 1113
1111, 1114
1111, 1110
1115, 1116
1115, 1114
1115, 1117
1115, 1110
1110, 1118
1110, 1114
1110, 1119
1120, 1114
1121, 1112
1121, 1114
1121, 1122
1112, 1123
1112, 1114
1112, 1124
1112, 1125
1122, 1114
1126, 1122
1124, 1112
1125, 1114
1119, 1114
1119, 1110
1118, 1112
1118, 1123
1118, 1114
1118, 1110
1113, 1114
1113, 1111
1127, 1128
1127, 1129
1127, 1130
1127, 1131
1127, 1132
1127, 1133
1127, 1134
1127, 1135
1127, 1136
1132, 1137
1132, 1127
1132, 1130
1138, 1139
1140, 1137
1141, 1142
1141, 1143
1133, 1144
1133, 1145
1133, 1137
1133, 1130
1146, 1144
1131, 1147
1131, 1148
1131, 1149
1131, 1150
1131, 1151
1131, 1152
1131, 1153
1131, 1132
1131, 1145
1131, 1154
1131, 1134
1131, 1139
1131, 1155
1131, 1156
1131, 1133
1131, 1138
1131, 1144
1131, 1157
1158, 1159
1158, 1131
1158, 1134
1158, 1127
1158, 1160
1158, 1144
1158, 1161
1158, 1137
1158, 1162
1158, 1132
1158, 1163
1158, 1164
1158, 1165
1158, 1133
1158, 1130
1158, 1135
1158, 1166
1158, 1136
1158, 1167
1158, 1168
1168, 1138
1168, 1144
1160, 1158
1160, 1132
1160, 1143
1160, 1142
1160, 1166
1160, 1134
1160, 1159
1160, 1141
1160, 1164
1160, 1165
1160, 1162
1160, 1144
1160, 1130
1159, 1131
1159, 1130
1159, 1128
1159, 1160
1159, 1132
1159, 1142
1159, 1134
1159, 1164
1159, 1165
1159, 1169
1159, 1144
1159, 1170
1159, 1158
1159, 1148
1159, 1138
1159, 1171
1159, 1154
1159, 1145
1159, 1166
1159, 1143
1159, 1139
1159, 1168
1159, 1146
1159, 1172
1159, 1137
1152, 1151
1152, 1173
1152, 1174
1135, 1136
1175, 1136
1176, 1136
1176, 1175
1177, 1176
1177, 1136
1142, 1141
1142, 1143
1142, 1178
1167, 1163
1179, 1180
1179, 1134
1180, 1181
1180, 1134
1180, 1129
1134, 1151
1134, 1164
1134, 1152
1134, 1153
1134, 1167
1134, 1155
1134, 1163
1182, 1171
1183, 1163
1183, 1184
1183, 1167
1157, 1148
1181, 1129
1181, 1137
1181, 1152
1181, 1151
1181, 1131
1181, 1144
1156, 1148
1164, 1166
1164, 1161
1185, 1166
1186, 1166
1187, 1161
1165, 1166
1184, 1163
1231, 1232
1231, 1233
1231, 1234
1231, 1235
1231, 1236
1231, 1237
1231, 1238
1231, 1239
1240, 1241
1240, 1242
1240, 1243
1240, 1239
1240, 1244
1240, 1233
1240, 1245
1240, 1246
1234, 1239
1247, 1248
1247, 1249
1247, 1250
1247, 1251
1247, 1252
1247, 1253
1247, 1242
1247, 1254
1247, 1238
1247, 1255
1256, 1235
1256, 1257
1256, 1258
1256, 1250
1256, 1259
1256, 1260
1256, 1253
1256, 1261
1256, 1252
1256, 1262
1256, 1263
1256, 1264
1256, 1248
1256, 1249
1256, 1251
1256, 1265
1256, 1266
1256, 1254
1256, 1267
1256, 1238
1256, 1239
1256, 1255
1268, 1260
1269, 1238
1269, 1270
1271, 1253
1271, 1242
1271, 1233
1272, 1235
1272, 1242
1262, 1264
1262, 1256
1262, 1238
1262, 1255
1262, 1233
1233, 1273
1264, 1238
1264, 1242
1264, 1233
1270, 1263
1270, 1260
1270, 1261
1270, 1238
1270, 1239
1270, 1255
1248, 1247
1248, 1258
1248, 1250
1248, 1259
1248, 1269
1248, 1260
1248, 1237
1248, 1242
1248, 1271
1248, 1263
1248, 1264
1248, 1249
1248, 1274
1248, 1233
1248, 1265
1248, 1275
1248, 1266
1248, 1254
1248, 1267
1248, 1238
1248, 1270
1248, 1255
1253, 1276
1253, 1264
1253, 1249
1253, 1250
1253, 1233
1253, 1260
1253, 1242
1253, 1271
1253, 1254
1253, 1256
1253, 1255
1277, 1238
1259, 1260
1259, 1278
1259, 1238
1259, 1232
1259, 1233
1274, 1235
1274, 1248
1274, 1279
1274, 1249
1274, 1250
1274, 1280
1274, 1281
1274, 1260
1274, 1254
1280, 1235
1255, 1236
1255, 1260
1255, 1238
1255, 1241
1249, 1248
1249, 1254
1265, 1263
1265, 1260
1265, 1248
1265, 1267
1265, 1238
1252, 1263
1252, 1260
1252, 1248
1252, 1254
1252, 1238
1252, 1250
1252, 1255
1257, 1250
1282, 1254
1281, 1260
1276, 1273
1263, 1238
1263, 1260
1263, 1255
1251, 1248
1251, 1238
1251, 1250
1251, 1255
1258, 1238
1266, 1248
1266, 1254
1266, 1238
1266, 1258
1266, 1282
1267, 1238
1267, 1239
1267, 1255
1275, 1263
1275, 1235
1275, 1248
1275, 1249
1275, 1258
1275, 1250
1275, 1280
1275, 1274
1275, 1260
1275, 1254
1275, 1238
1279, 1235
1279, 1283
1279, 1237
1279, 1238
1279, 1255
1279, 1280
1279, 1233
1284, 1239
1285, 1286
1285, 1287
1285, 1288
1285, 1289
1285, 1290
1285, 1291
1285, 1231
1288, 1292
1288, 1293
1288, 1287
1288, 1294
1288, 1290
1288, 1291
1288, 1231
1288, 1295
1288, 1296
1288, 1289
1288, 1297
1298, 1287
1298, 1248
1298, 1285
1298, 1231
1292, 1287
1292, 1289
1292, 1290
1292, 1291
1292, 1231
1291, 1288
1296, 1288
1293, 1288
1294, 1288
1297, 1288
1295, 1299
1295, 1239
1295, 1300
1300, 1299
1300, 1234
1301, 1286
1301, 1302
1286, 1303
1286, 1234
1286, 1304
1286, 1305
1305, 1303
1305, 1239
1305, 1304
1303, 1239
1289, 1239
1241, 1306
1241, 1236
1241, 1240
1241, 1307
1241, 1308
1241, 1309
1241, 1310
1241, 1243
1241, 1311
1241, 1312
1241, 1233
1241, 1313
1241, 1245
1314, 1315
1314, 1236
1314, 1307
1314, 1316
1314, 1317
1314, 1318
1278, 1235
1278, 1236
1278, 1319
1278, 1320
1278, 1307
1232, 1321
1232, 1236
1232, 1315
1232, 1322
1232, 1307
1232, 1316
1232, 1242
1232, 1323
1232, 1324
1232, 1325
1232, 1326
1232, 1238
1232, 1327
1236, 1315
1236, 1328
1236, 1329
1236, 1330
1236, 1250
1236, 1320
1236, 1331
1236, 1307
1236, 1316
1236, 1242
1236, 1332
1236, 1333
1236, 1334
1236, 1335
1236, 1318
1236, 1325
1236, 1336
1236, 1238
1236, 1337
1250, 1236
1250, 1338
1250, 1339
1250, 1340
1250, 1307
1250, 1316
1250, 1341
1250, 1342
1250, 1315
1250, 1343
1250, 1344
1250, 1345
1250, 1346
1337, 1236
1337, 1307
1347, 1348
1347, 1349
1347, 1236
1347, 1307
1347, 1350
1347, 1233
1347, 1351
1347, 1352
1347, 1353
1347, 1235
1347, 1354
1347, 1355
1347, 1356
1347, 1357
1347, 1358
1347, 1316
1347, 1359
1347, 1360
1347, 1318
1347, 1315
1347, 1361
1347, 1242
1347, 1362
1347, 1363
1347, 1364
1347, 1365
1366, 1236
1366, 1238
1366, 1233
1237, 1236
1237, 1367
1237, 1368
1237, 1307
1237, 1316
1237, 1239
1239, 1307
1239, 1236
1239, 1337
1239, 1320
1239, 1234
1239, 1316
1369, 1315
1369, 1236
1369, 1370
1242, 1236
1242, 1371
1242, 1307
1242, 1372
1242, 1373
1242, 1374
1242, 1375
1242, 1376
1242, 1377
1242, 1315
1242, 1378
1242, 1379
1242, 1380
1242, 1381
1242, 1382
1242, 1383
1242, 1384
1242, 1385
1283, 1236
1283, 1315
1283, 1386
1283, 1307
1283, 1278
1387, 1388
1387, 1323
1376, 1374
1376, 1389
1376, 1242
1376, 1236
1390, 1391
1392, 1241
1392, 1231
1392, 1320
1393, 1394
1393, 1306
1393, 1337
1393, 1395
1393, 1389
1393, 1396
1397, 1398
1397, 1306
1397, 1389
1397, 1337
1310, 1241
1310, 1390
1312, 1310
1312, 1306
1312, 1392
1312, 1241
1312, 1399
1312, 1393
1312, 1400
1312, 1394
1312, 1401
1312, 1389
1308, 1310
1308, 1306
1308, 1241
1308, 1399
1308, 1393
1308, 1400
1308, 1401
1308, 1394
1402, 1403
1402, 1241
1402, 1236
1403, 1402
1403, 1236
1404, 1405
1404, 1406
1404, 1407
1408, 1409
1408, 1232
1408, 1410
1408, 1411
1408, 1406
1408, 1407
1408, 1412
1408, 1413
1406, 1407
1411, 1406
1411, 1414
1411, 1407
1411, 1415
1410, 1416
1410, 1406
1410, 1407
1410, 1413
1417, 1418
1419, 1420
1419, 1421
1419, 1422
1419, 1398
1419, 1423
1419, 1424
1419, 1389
1421, 1422
1425, 1426
1425, 1390
1425, 1427
1425, 1423
1420, 1306
1420, 1421
1420, 1422
1420, 1398
1420, 1423
1420, 1428
1420, 1429
1420, 1394
1420, 1425
1420, 1390
1423, 1428
1423, 1422
1423, 1425
1430, 1431
1430, 1412
1430, 1432
1389, 1433
1389, 1434
1389, 1435
1389, 1436
1389, 1437
1389, 1409
1389, 1438
1389, 1439
1389, 1440
1389, 1391
1389, 1441
1389, 1390
1401, 1240
1401, 1390
1401, 1398
1401, 1241
1401, 1428
1401, 1442
1398, 1428
1428, 1394
1428, 1306
1428, 1427
1428, 1337
1428, 1389
1442, 1240
1442, 1306
1442, 1427
1442, 1394
1442, 1428
1442, 1389
1442, 1390
1443, 1427
1443, 1240
1244, 1306
1244, 1240
1244, 1394
1444, 1445
1444, 1415
1446, 1236
1446, 1415
1415, 1236
1415, 1446
1413, 1241
1413, 1447
1413, 1448
1413, 1407
1413, 1414
1413, 1416
1413, 1389
1413, 1309
1413, 1390
1449, 1447
1449, 1429
1449, 1236
1449, 1415
1447, 1236
1447, 1405
1447, 1337
1447, 1450
1447, 1451
1447, 1407
1447, 1449
1447, 1445
1447, 1429
1447, 1415
1416, 1407
1416, 1390
1416, 1233
1311, 1452
1311, 1413
1311, 1337
1311, 1309
1311, 1390
1452, 1389
1452, 1337
1453, 1431
1453, 1454
1453, 1409
1453, 1407
1453, 1398
1453, 1424
1453, 1455
1453, 1390
1455, 1419
1455, 1431
1455, 1306
1455, 1454
1455, 1456
1455, 1409
1455, 1407
1455, 1414
1455, 1421
1455, 1453
1455, 1423
1455, 1398
1455, 1457
1455, 1424
1455, 1390
1457, 1236
1457, 1454
1457, 1424
1457, 1456
1457, 1458
1457, 1389
1457, 1390
1458, 1236
1458, 1454
1458, 1417
1458, 1456
1458, 1459
1458, 1460
1458, 1457
1458, 1424
1458, 1390
1460, 1346
1460, 1435
1460, 1344
1460, 1236
1460, 1459
1424, 1461
1424, 1236
1424, 1306
1424, 1429
1424, 1394
1424, 1390
1461, 1394
1461, 1306
1461, 1424
1461, 1429
1461, 1236
1456, 1236
1456, 1462
1462, 1456
1462, 1236
1459, 1424
1459, 1456
1463, 1418
1463, 1306
1463, 1464
1463, 1456
1463, 1408
1463, 1459
1463, 1407
1463, 1414
1463, 1424
1463, 1465
1463, 1390
1466, 1402
1466, 1306
1466, 1464
1466, 1456
1466, 1233
1466, 1424
1466, 1394
1466, 1390
1465, 1406
1465, 1242
1465, 1407
1467, 1456
1467, 1233
1464, 1232
1464, 1390
1431, 1407
1431, 1306
1431, 1421
1431, 1422
1431, 1428
1431, 1394
1431, 1425
1468, 1241
1468, 1232
1468, 1412
1468, 1390
1412, 1454
1245, 1306
1243, 1240
1429, 1236
1429, 1469
1469, 1429
1469, 1236
1407, 1306
1407, 1470
1407, 1409
1407, 1250
1407, 1414
1407, 1471
1407, 1472
1407, 1429
1407, 1413
1407, 1390
1414, 1405
1414, 1447
1414, 1415
1414, 1450
1414, 1409
1414, 1408
1414, 1451
1414, 1406
1414, 1390
1414, 1407
1414, 1445
1414, 1413
1414, 1404
1471, 1407
1471, 1413
1470, 1407
1470, 1414
1472, 1407
1472, 1471
1473, 1474
1473, 1236
1473, 1390
1317, 1433
1317, 1314
1317, 1435
1317, 1473
1317, 1409
1317, 1439
1317, 1236
1317, 1389
1317, 1434
1317, 1344
1317, 1390
1317, 1438
1317, 1346
1317, 1475
1474, 1236
1475, 1474
1476, 1327
1476, 1388
1326, 1433
1326, 1435
1326, 1344
1326, 1232
1326, 1388
1326, 1477
1326, 1236
1326, 1346
1326, 1478
1326, 1390
1478, 1232
1322, 1387
1322, 1232
1322, 1323
1322, 1476
1322, 1390
1321, 1388
1321, 1240
1321, 1236
1336, 1389
1336, 1390
1315, 1236
1315, 1479
1315, 1390
1480, 1236
1346, 1433
1346, 1236
1346, 1435
1346, 1409
1346, 1332
1346, 1481
1346, 1389
1346, 1434
1346, 1390
1346, 1344
1346, 1438
1332, 1236
1332, 1390
1332, 1389
1482, 1236
1482, 1346
1482, 1438
1482, 1390
1333, 1236
1435, 1433
1435, 1391
1435, 1239
1435, 1441
1435, 1483
1435, 1439
1435, 1389
1344, 1481
1484, 1389
1484, 1337
1316, 1390
1479, 1315
1479, 1236
1479, 1390
1334, 1337
1334, 1484
1334, 1435
1334, 1390
1328, 1320
1485, 1236
1485, 1486
1486, 1485
1486, 1236
1487, 1236
1487, 1488
1487, 1489
1487, 1490
1487, 1389
1489, 1490
1489, 1236
1489, 1487
1490, 1236
1490, 1491
1490, 1488
1490, 1492
1490, 1389
1490, 1390
1492, 1490
1492, 1236
1491, 1490
1491, 1236
1491, 1390
1488, 1236
1488, 1487
1488, 1493
1488, 1494
1488, 1495
1488, 1389
1488, 1390
1494, 1488
1494, 1236
1494, 1487
1494, 1390
1496, 1389
1496, 1488
1496, 1493
1496, 1236
1496, 1390
1493, 1236
1493, 1488
1493, 1496
1493, 1497
1493, 1389
1493, 1498
1493, 1390
1497, 1493
1497, 1236
1498, 1493
1498, 1236
1498, 1390
1495, 1236
1495, 1390
1495, 1488
1495, 1493
1495, 1499
1499, 1493
1499, 1495
1499, 1236
1438, 1433
1438, 1391
1438, 1435
1438, 1441
1438, 1437
1438, 1390
1343, 1435
1343, 1250
1343, 1236
1343, 1242
1343, 1500
1343, 1390
1339, 1250
1339, 1389
1500, 1250
1500, 1438
1500, 1236
1501, 1502
1501, 1347
1501, 1236
1501, 1390
1348, 1397
1348, 1236
1348, 1347
1348, 1444
1348, 1437
1348, 1393
1348, 1409
1348, 1440
1348, 1389
1348, 1310
1348, 1430
1348, 1244
1348, 1427
1348, 1436
1348, 1417
1348, 1312
1348, 1420
1348, 1398
1348, 1446
1348, 1413
1348, 1426
1348, 1433
1348, 1503
1348, 1402
1348, 1450
1348, 1395
1348, 1421
1348, 1418
1348, 1504
1348, 1408
1348, 1313
1348, 1505
1348, 1423
1348, 1401
1348, 1506
1348, 1306
1348, 1400
1348, 1411
1348, 1391
1348, 1422
1348, 1308
1348, 1434
1348, 1415
1348, 1501
1348, 1507
1348, 1438
1348, 1508
1348, 1509
1348, 1403
1348, 1443
1348, 1399
1348, 1425
1348, 1442
1348, 1419
1348, 1435
1348, 1410
1348, 1439
1348, 1396
1348, 1510
1348, 1428
1348, 1394
1348, 1390
1348, 1405
1348, 1344
1348, 1392
1348, 1511
1348, 1319
1348, 1406
1348, 1346
1348, 1441
1348, 1404
1363, 1480
1512, 1513
1502, 1347
1502, 1236
1507, 1347
1507, 1502
1507, 1236
1510, 1348
1510, 1389
1510, 1390
1506, 1347
1354, 1433
1354, 1348
1354, 1347
1354, 1236
1354, 1389
1354, 1390
1360, 1349
1353, 1348
1353, 1347
1353, 1236
1353, 1390
1365, 1347
1365, 1348
1365, 1236
1365, 1390
1364, 1433
1364, 1347
1364, 1348
1364, 1439
1364, 1236
1364, 1389
1364, 1390
1359, 1347
1361, 1347
1361, 1236
1358, 1433
1358, 1348
1358, 1347
1358, 1236
1358, 1390
1434, 1436
1434, 1236
1434, 1241
1434, 1438
1434, 1391
1434, 1441
1434, 1390
1355, 1347
1355, 1236
1351, 1433
1351, 1435
1351, 1348
1351, 1347
1351, 1439
1351, 1236
1351, 1389
1351, 1390
1351, 1438
1514, 1236
1514, 1515
1514, 1485
1515, 1485
1515, 1514
1515, 1236
1516, 1514
1516, 1236
1517, 1433
1517, 1518
1517, 1239
1517, 1519
1517, 1439
1517, 1516
1517, 1520
1517, 1521
1517, 1237
1517, 1514
1517, 1390
1517, 1438
1517, 1522
1517, 1523
1517, 1367
1524, 1390
1524, 1237
1524, 1525
1524, 1517
1524, 1389
1368, 1433
1368, 1518
1368, 1435
1368, 1524
1368, 1517
1368, 1439
1368, 1236
1368, 1237
1368, 1389
1368, 1344
1368, 1390
1368, 1525
1368, 1367
1368, 1346
1367, 1236
1367, 1239
1367, 1526
1367, 1237
1526, 1367
1526, 1239
1526, 1236
1520, 1236
1520, 1527
1520, 1528
1527, 1528
1527, 1520
1527, 1236
1519, 1529
1519, 1236
1519, 1520
1519, 1237
1529, 1520
1529, 1519
1529, 1237
1529, 1236
1528, 1530
1528, 1236
1530, 1528
1530, 1236
1523, 1531
1409, 1433
1409, 1439
1409, 1440
1532, 1521
1532, 1236
1532, 1390
1531, 1236
1531, 1533
1531, 1521
1531, 1534
1534, 1531
1534, 1521
1534, 1236
1521, 1236
1521, 1239
1521, 1535
1521, 1536
1521, 1532
1521, 1537
1521, 1538
1521, 1528
1521, 1390
1537, 1538
1537, 1239
1537, 1521
1537, 1528
1537, 1236
1538, 1236
1538, 1539
1539, 1538
1539, 1236
1536, 1521
1536, 1390
1522, 1236
1522, 1540
1522, 1278
1540, 1236
1540, 1522
1541, 1542
1370, 1433
1370, 1369
1370, 1434
1370, 1542
1370, 1435
1370, 1541
1370, 1344
1370, 1236
1370, 1346
1370, 1389
1370, 1390
1543, 1544
1543, 1381
1543, 1495
1543, 1236
1543, 1390
1544, 1495
1544, 1236
1544, 1381
1545, 1389
1545, 1337
1546, 1544
1546, 1495
1371, 1433
1371, 1377
1371, 1435
1371, 1242
1371, 1439
1371, 1236
1371, 1546
1371, 1389
1371, 1434
1371, 1344
1371, 1390
1371, 1438
1371, 1543
1371, 1374
1371, 1346
1373, 1236
1373, 1390
1373, 1545
1373, 1242
1377, 1236
1377, 1547
1383, 1377
1383, 1236
1547, 1377
1547, 1236
1382, 1242
1382, 1236
1382, 1371
1382, 1389
1382, 1390
1375, 1236
1375, 1371
1375, 1389
1375, 1390
1378, 1433
1378, 1242
1378, 1236
1378, 1371
1378, 1389
1378, 1390
1385, 1236
1385, 1242
1385, 1371
1385, 1389
1385, 1390
1379, 1236
1379, 1548
1379, 1242
1379, 1488
1379, 1390
1548, 1379
1548, 1236
1374, 1236
1374, 1488
1374, 1379
1374, 1549
1374, 1242
1374, 1390
1549, 1379
1549, 1374
1549, 1236
1381, 1433
1381, 1236
1381, 1550
1381, 1409
1381, 1242
1381, 1439
1381, 1551
1381, 1552
1381, 1553
1381, 1554
1381, 1555
1381, 1389
1381, 1434
1381, 1390
1381, 1438
1381, 1556
1381, 1557
1381, 1488
1381, 1490
1381, 1558
1381, 1559
1550, 1433
1550, 1389
1550, 1390
1550, 1439
1550, 1236
1550, 1381
1557, 1390
1557, 1236
1557, 1381
1556, 1390
1556, 1389
1556, 1236
1556, 1381
1552, 1390
1552, 1389
1552, 1236
1552, 1381
1558, 1389
1558, 1236
1558, 1381
1553, 1433
1553, 1236
1553, 1381
1555, 1439
1555, 1236
1555, 1381
1554, 1438
1554, 1236
1554, 1381
1559, 1434
1559, 1236
1559, 1381
1551, 1409
1551, 1236
1551, 1381
1372, 1433
1372, 1242
1372, 1389
1372, 1236
1372, 1381
1560, 1283
1560, 1561
1561, 1283
1386, 1433
1386, 1236
1386, 1283
1386, 1435
1386, 1560
1386, 1434
1386, 1344
1386, 1390
1386, 1561
1386, 1346
1386, 1278
1338, 1390
1342, 1338
1342, 1345
1562, 1342
1341, 1345
1437, 1391
1437, 1390
1436, 1338
1436, 1441
1511, 1426
1511, 1447
1511, 1306
1511, 1450
1511, 1393
1511, 1451
1511, 1409
1511, 1395
1511, 1396
1511, 1407
1511, 1445
1511, 1424
1511, 1429
1511, 1389
1511, 1394
1511, 1453
1511, 1390
1511, 1405
1511, 1454
1511, 1509
1511, 1398
1511, 1432
1511, 1431
1509, 1394
1509, 1511
1400, 1390
1400, 1396
1400, 1241
1503, 1397
1503, 1306
1503, 1511
1503, 1393
1503, 1236
1503, 1401
1503, 1337
1503, 1429
1394, 1310
1394, 1236
1394, 1402
1394, 1241
1394, 1508
1508, 1394
1508, 1402
1508, 1236
1306, 1241
1306, 1236
1306, 1505
1505, 1306
1505, 1236
1399, 1390
1399, 1395
1399, 1241
1575, 1576
1575, 1577
1575, 1578
1575, 1579
1575, 1580
1575, 1581
1575, 1582
1575, 1583
1575, 1584
1575, 1585
1586, 1587
1586, 1588
1586, 1589
1586, 1578
1586, 1579
1586, 1590
1586, 1581
1586, 1582
1586, 1591
1586, 1592
1586, 1584
1586, 1593
1586, 1594
1595, 1585
1596, 1587
1596, 1597
1596, 1598
1596, 1599
1596, 1600
1596, 1601
1596, 1602
1596, 1603
1596, 1604
1596, 1605
1596, 1606
1596, 1607
1596, 1608
1596, 1609
1596, 1610
1596, 1611
1596, 1612
1596, 1613
1596, 1614
1596, 1615
1596, 1616
1596, 1585
1596, 1617
1596, 1618
1588, 1586
1591, 1576
1591, 1578
1591, 1579
1591, 1580
1591, 1581
1591, 1582
1591, 1592
1591, 1584
1591, 1586
1590, 1576
1590, 1578
1590, 1579
1590, 1580
1590, 1581
1590, 1582
1590, 1592
1590, 1584
1590, 1586
1619, 1620
1619, 1577
1619, 1589
1619, 1578
1619, 1579
1619, 1581
1619, 1593
1619, 1582
1619, 1583
1619, 1592
1619, 1584
1619, 1586
1619, 1621
1622, 1623
1624, 1623
1625, 1623
1594, 1626
1594, 1586
1594, 1627
1627, 1576
1627, 1577
1627, 1578
1627, 1579
1627, 1580
1627, 1581
1627, 1582
1627, 1583
1627, 1584
1627, 1594
1626, 1576
1626, 1577
1626, 1578
1626, 1579
1626, 1580
1626, 1581
1626, 1582
1626, 1583
1626, 1584
1626, 1594
1587, 1598
1587, 1599
1587, 1600
1587, 1596
1587, 1628
1587, 1601
1587, 1602
1587, 1629
1587, 1603
1587, 1604
1587, 1606
1587, 1607
1587, 1610
1587, 1630
1587, 1631
1587, 1611
1587, 1613
1587, 1578
1587, 1614
1587, 1632
1587, 1633
1587, 1582
1587, 1616
1587, 1592
1587, 1617
1587, 1618
1587, 1597
1587, 1605
1587, 1608
1587, 1623
1587, 1609
1587, 1593
1587, 1612
1587, 1589
1587, 1634
1587, 1579
1587, 1635
1587, 1581
1587, 1615
1587, 1636
1587, 1584
1587, 1585
1637, 1589
1637, 1578
1637, 1638
1637, 1579
1637, 1581
1637, 1582
1637, 1592
1637, 1584
1637, 1593
1637, 1639
1623, 1625
1623, 1624
1623, 1622
1620, 1576
1620, 1578
1620, 1579
1620, 1580
1620, 1581
1620, 1582
1620, 1619
1620, 1592
1620, 1584
1583, 1576
1583, 1577
1583, 1579
1583, 1578
1583, 1580
1583, 1581
1583, 1582
1583, 1619
1583, 1584
1635, 1587
1635, 1597
1635, 1598
1635, 1599
1635, 1600
1635, 1601
1635, 1602
1635, 1603
1635, 1604
1635, 1605
1635, 1606
1635, 1607
1635, 1608
1635, 1609
1635, 1610
1635, 1611
1635, 1612
1635, 1613
1635, 1614
1635, 1615
1635, 1616
1635, 1585
1635, 1617
1635, 1618
1592, 1587
1634, 1587
1636, 1587
1636, 1597
1636, 1598
1636, 1599
1636, 1600
1636, 1601
1636, 1602
1636, 1603
1636, 1604
1636, 1605
1636, 1606
1636, 1607
1636, 1608
1636, 1609
1636, 1610
1636, 1611
1636, 1612
1636, 1613
1636, 1614
1636, 1615
1636, 1616
1636, 1617
1636, 1618
1632, 1587
1629, 1640
1629, 1587
1629, 1597
1629, 1598
1629, 1641
1629, 1599
1629, 1600
1629, 1601
1629, 1602
1629, 1603
1629, 1604
1629, 1605
1629, 1606
1629, 1607
1629, 1608
1629, 1609
1629, 1610
1629, 1611
1629, 1612
1629, 1613
1629, 1578
1629, 1614
1629, 1579
1629, 1581
1629, 1615
1629, 1582
1629, 1616
1629, 1584
1629, 1617
1629, 1618
1641, 1597
1641, 1598
1641, 1599
1641, 1600
1641, 1601
1641, 1602
1641, 1629
1641, 1603
1641, 1604
1641, 1605
1641, 1606
1641, 1607
1641, 1608
1641, 1609
1641, 1610
1641, 1611
1641, 1612
1641, 1613
1641, 1614
1641, 1615
1641, 1616
1641, 1617
1641, 1618
1640, 1597
1640, 1598
1640, 1599
1640, 1600
1640, 1601
1640, 1602
1640, 1629
1640, 1603
1640, 1604
1640, 1605
1640, 1606
1640, 1607
1640, 1608
1640, 1609
1640, 1610
1640, 1611
1640, 1612
1640, 1613
1640, 1614
1640, 1615
1640, 1616
1640, 1617
1640, 1618
1633, 1576
1633, 1587
1633, 1578
1633, 1579
1633, 1580
1633, 1581
1633, 1582
1633, 1592
1633, 1584
1631, 1576
1631, 1587
1631, 1578
1631, 1579
1631, 1580
1631, 1581
1631, 1582
1631, 1592
1631, 1584
1630, 1587
1630, 1576
1630, 1598
1630, 1599
1630, 1600
1630, 1601
1630, 1602
1630, 1603
1630, 1604
1630, 1606
1630, 1607
1630, 1610
1630, 1611
1630, 1613
1630, 1577
1630, 1578
1630, 1614
1630, 1580
1630, 1582
1630, 1616
1630, 1617
1630, 1618
1630, 1597
1630, 1605
1630, 1583
1630, 1608
1630, 1609
1630, 1612
1630, 1579
1630, 1581
1630, 1615
1630, 1584
1628, 1587
1628, 1642
1642, 1587
1642, 1628
1638, 1637
1639, 1576
1639, 1637
1639, 1578
1639, 1579
1639, 1580
1639, 1581
1639, 1582
1639, 1592
1639, 1584
1585, 1587
1585, 1597
1585, 1598
1585, 1643
1585, 1599
1585, 1600
1585, 1601
1585, 1602
1585, 1603
1585, 1604
1585, 1575
1585, 1606
1585, 1607
1585, 1605
1585, 1608
1585, 1609
1585, 1610
1585, 1595
1585, 1611
1585, 1612
1585, 1613
1585, 1644
1585, 1614
1585, 1615
1585, 1616
1585, 1617
1585, 1618
1643, 1585
1644, 1585
1645, 1646
1645, 1647
1648, 1649
1648, 1650
1648, 1651
1648, 1652
1653, 1648
1653, 1645
1646, 1654
1647, 1653
1647, 1655
1647, 1656
1647, 1654
1656, 1654
1649, 1648
1650, 1648
1651, 1648
1652, 1648
1652, 1651
1657, 1658
1657, 1659
1660, 1658
1660, 1659
1661, 1658
1661, 1659
1662, 1658
1662, 1660
1662, 1661
1662, 1659
1662, 1657
1663, 1659
1659, 1658
1606, 1586
1664, 1589
1589, 1576
1665, 1666
1665, 1662
1665, 1645
1667, 1666
1667, 1668
1667, 1665
1667, 1669
1666, 1586
1666, 1670
1666, 1669
1670, 1669
1603, 1611
1603, 1612
1603, 1598
1603, 1613
1603, 1600
1603, 1602
1603, 1604
1603, 1605
1603, 1608
1603, 1616
1603, 1617
1578, 1584
1578, 1579
1578, 1582
1578, 1581
1612, 1599
1599, 1579
1598, 1578
1610, 1584
1602, 1618
1618, 1602
1616, 1611
1616, 1578
1597, 1616
1597, 1611
1597, 1578
1604, 1614
1604, 1582
1604, 1671
1614, 1604
1614, 1671
1582, 1604
1580, 1604
1580, 1582
1580, 1577
1580, 1593
1580, 1621
1593, 1577
1593, 1580
1621, 1580
1674, 1675
1674, 1676
1674, 1677
1674, 1678
1674, 1679
1674, 1680
1674, 1681
1674, 1682
1683, 1684
1683, 1678
1683, 1685
1683, 1686
1683, 1687
1683, 1676
1683, 1688
1683, 1689
1683, 1690
1691, 1692
1691, 1693
1691, 1694
1691, 1695
1691, 1696
1691, 1687
1691, 1686
1691, 1697
1691, 1688
1691, 1698
1691, 1689
1691, 1684
1691, 1678
1691, 1699
1691, 1700
1691, 1685
1691, 1701
1691, 1702
1691, 1703
1691, 1704
1691, 1677
1691, 1690
1705, 1696
1706, 1707
1706, 1678
1708, 1685
1708, 1676
1708, 1679
1709, 1699
1709, 1676
1694, 1687
1694, 1678
1694, 1679
1694, 1691
1694, 1700
1679, 1710
1700, 1676
1700, 1678
1700, 1679
1707, 1687
1707, 1701
1707, 1678
1707, 1703
1707, 1696
1707, 1677
1686, 1692
1686, 1693
1686, 1696
1686, 1687
1686, 1707
1686, 1697
1686, 1676
1686, 1708
1686, 1688
1686, 1698
1686, 1711
1686, 1706
1686, 1683
1686, 1679
1686, 1678
1686, 1684
1686, 1712
1686, 1700
1686, 1702
1686, 1703
1686, 1704
1685, 1713
1685, 1688
1685, 1684
1685, 1679
1685, 1696
1685, 1700
1685, 1687
1685, 1676
1685, 1691
1685, 1708
1714, 1678
1692, 1696
1692, 1715
1692, 1678
1692, 1679
1711, 1716
1711, 1684
1711, 1699
1711, 1696
1711, 1717
1711, 1718
1711, 1686
1711, 1697
1711, 1688
1716, 1699
1687, 1719
1687, 1678
1687, 1675
1687, 1696
1684, 1686
1684, 1688
1693, 1686
1693, 1704
1693, 1678
1693, 1703
1693, 1696
1690, 1687
1690, 1686
1690, 1678
1690, 1688
1690, 1703
1690, 1696
1720, 1688
1717, 1696
1713, 1710
1703, 1721
1703, 1696
1703, 1687
1703, 1678
1689, 1687
1689, 1686
1689, 1678
1698, 1721
1698, 1678
1702, 1686
1702, 1678
1702, 1688
1702, 1698
1702, 1720
1704, 1687
1704, 1677
1704, 1678
1712, 1716
1712, 1684
1712, 1678
1712, 1699
1712, 1696
1712, 1686
1712, 1688
1712, 1721
1712, 1698
1712, 1703
1712, 1711
1718, 1716
1718, 1719
1718, 1722
1718, 1678
1718, 1679
1718, 1699
1718, 1687
1718, 1697
1723, 1724
1725, 1724
1726, 1686
1726, 1724
1726, 1723
1675, 1727
1675, 1728
1675, 1729
1675, 1730
1675, 1731
1675, 1732
1675, 1733
1675, 1719
1675, 1674
1675, 1734
1675, 1735
1675, 1736
1675, 1679
1675, 1680
1675, 1737
1675, 1681
1675, 1738
1675, 1739
1740, 1738
1740, 1719
1740, 1741
1740, 1742
1715, 1719
1715, 1699
1715, 1743
1715, 1738
1719, 1744
1719, 1745
1719, 1746
1719, 1742
1719, 1735
1719, 1678
1719, 1747
1719, 1748
1719, 1749
1719, 1750
1719, 1751
1719, 1697
1719, 1738
1719, 1752
1735, 1719
1735, 1738
1721, 1719
1721, 1753
1721, 1754
1721, 1679
1721, 1699
1721, 1697
1721, 1742
1721, 1755
1721, 1745
1721, 1756
1721, 1676
1721, 1757
1721, 1738
1758, 1719
1758, 1678
1758, 1679
1697, 1719
1697, 1738
1697, 1759
1697, 1742
1697, 1760
1697, 1677
1677, 1719
1677, 1742
1677, 1735
1677, 1674
1677, 1738
1761, 1719
1761, 1762
1676, 1763
1676, 1719
1676, 1764
1676, 1765
1676, 1766
1676, 1767
1676, 1768
1676, 1769
1676, 1770
1676, 1738
1676, 1771
1676, 1772
1722, 1719
1722, 1773
1722, 1715
1722, 1738
1774, 1775
1736, 1675
1731, 1734
1731, 1735
1731, 1776
1731, 1777
1731, 1778
1779, 1730
1779, 1780
1779, 1777
1779, 1735
1781, 1782
1781, 1783
1781, 1784
1785, 1782
1785, 1786
1785, 1787
1785, 1788
1785, 1789
1785, 1790
1785, 1784
1782, 1784
1788, 1782
1788, 1784
1788, 1791
1788, 1792
1787, 1789
1787, 1782
1787, 1784
1787, 1793
1794, 1795
1796, 1797
1796, 1777
1796, 1798
1796, 1799
1796, 1800
1796, 1780
1796, 1801
1799, 1800
1802, 1803
1802, 1774
1802, 1798
1802, 1804
1797, 1730
1797, 1802
1797, 1799
1797, 1800
1797, 1805
1797, 1798
1797, 1734
1797, 1780
1797, 1774
1798, 1802
1798, 1805
1798, 1800
1806, 1790
1806, 1807
1806, 1808
1727, 1809
1727, 1674
1727, 1805
1727, 1675
1727, 1780
1727, 1774
1780, 1805
1805, 1734
1805, 1730
1805, 1735
1805, 1804
1805, 1777
1809, 1674
1809, 1730
1809, 1734
1809, 1805
1809, 1804
1809, 1777
1809, 1774
1777, 1810
1777, 1811
1777, 1812
1777, 1813
1777, 1814
1777, 1786
1777, 1815
1777, 1816
1777, 1817
1777, 1775
1777, 1818
1777, 1774
1819, 1674
1819, 1804
1682, 1730
1682, 1674
1682, 1734
1820, 1821
1820, 1792
1822, 1719
1822, 1792
1792, 1719
1792, 1822
1789, 1675
1789, 1823
1789, 1793
1789, 1732
1789, 1784
1789, 1791
1789, 1777
1789, 1824
1789, 1774
1825, 1719
1825, 1826
1825, 1823
1825, 1792
1823, 1719
1823, 1825
1823, 1826
1823, 1735
1823, 1827
1823, 1783
1823, 1784
1823, 1821
1823, 1828
1823, 1792
1793, 1774
1793, 1784
1793, 1679
1728, 1829
1728, 1735
1728, 1789
1728, 1732
1728, 1774
1829, 1777
1829, 1735
1830, 1786
1830, 1780
1830, 1784
1830, 1801
1830, 1831
1830, 1832
1830, 1807
1830, 1774
1831, 1807
1831, 1830
1831, 1833
1831, 1786
1831, 1799
1831, 1784
1831, 1796
1831, 1798
1831, 1801
1831, 1791
1831, 1834
1831, 1832
1831, 1780
1831, 1774
1833, 1719
1833, 1777
1833, 1801
1833, 1834
1833, 1832
1833, 1835
1833, 1774
1835, 1719
1835, 1833
1835, 1794
1835, 1836
1835, 1801
1835, 1837
1835, 1834
1835, 1832
1835, 1774
1836, 1838
1836, 1839
1836, 1837
1836, 1816
1836, 1719
1801, 1719
1801, 1730
1801, 1826
1801, 1734
1801, 1840
1801, 1774
1840, 1734
1840, 1730
1840, 1826
1840, 1719
1840, 1801
1834, 1719
1834, 1841
1841, 1719
1841, 1834
1837, 1834
1837, 1801
1842, 1795
1842, 1730
1842, 1843
1842, 1791
1842, 1844
1842, 1784
1842, 1801
1842, 1697
1842, 1837
1842, 1834
1842, 1785
1842, 1774
1845, 1844
1845, 1734
1845, 1801
1843, 1782
1843, 1676
1843, 1784
1846, 1834
1846, 1679
1844, 1774
1807, 1734
1807, 1805
1807, 1802
1807, 1799
1807, 1800
1807, 1784
1847, 1675
1847, 1790
1847, 1774
1790, 1832
1680, 1730
1681, 1674
1826, 1719
1826, 1848
1848, 1826
1848, 1719
1784, 1849
1784, 1730
1784, 1826
1784, 1786
1784, 1850
1784, 1791
1784, 1789
1784, 1851
1791, 1781
1791, 1782
1791, 1823
1791, 1827
1791, 1786
1791, 1783
1791, 1784
1791, 1792
1791, 1828
1791, 1821
1791, 1789
1791, 1785
1791, 1774
1850, 1789
1850, 1784
1849, 1791
1849, 1784
1851, 1850
1851, 1784
1852, 1816
1852, 1853
1852, 1774
1741, 1810
1741, 1740
1741, 1812
1741, 1786
1741, 1816
1741, 1719
1741, 1854
1741, 1839
1741, 1777
1741, 1811
1741, 1774
1741, 1815
1741, 1852
1741, 1838
1853, 1816
1854, 1853
1752, 1777
1752, 1774
1855, 1719
1838, 1719
1838, 1812
1838, 1815
1838, 1816
1838, 1856
1838, 1839
1838, 1777
1838, 1774
1857, 1719
1857, 1812
1857, 1838
1857, 1774
1749, 1719
1839, 1719
1839, 1856
1858, 1777
1858, 1735
1742, 1774
1747, 1735
1747, 1858
1747, 1812
1747, 1774
1859, 1719
1859, 1860
1859, 1861
1859, 1862
1859, 1777
1862, 1860
1862, 1859
1862, 1719
1860, 1719
1860, 1861
1860, 1863
1860, 1777
1860, 1864
1860, 1774
1864, 1860
1864, 1719
1863, 1860
1863, 1719
1863, 1774
1861, 1865
1861, 1719
1861, 1774
1861, 1859
1861, 1866
1861, 1777
1861, 1867
1866, 1861
1866, 1859
1866, 1719
1866, 1774
1868, 1865
1868, 1861
1868, 1777
1868, 1719
1868, 1774
1865, 1719
1865, 1861
1865, 1869
1865, 1868
1865, 1870
1865, 1777
1865, 1774
1812, 1810
1812, 1775
1812, 1871
1812, 1677
1812, 1818
1812, 1816
1812, 1777
1869, 1865
1869, 1719
1870, 1865
1870, 1719
1870, 1774
1867, 1865
1867, 1719
1867, 1861
1867, 1872
1867, 1739
1867, 1774
1872, 1865
1872, 1719
1872, 1867
1873, 1719
1874, 1875
1874, 1721
1874, 1816
1874, 1774
1755, 1779
1755, 1876
1755, 1719
1755, 1721
1755, 1814
1755, 1731
1755, 1786
1755, 1817
1755, 1839
1755, 1777
1755, 1781
1755, 1874
1755, 1813
1755, 1783
1755, 1810
1755, 1729
1755, 1782
1755, 1827
1755, 1776
1755, 1877
1755, 1803
1755, 1878
1755, 1794
1755, 1879
1755, 1737
1755, 1730
1755, 1733
1755, 1800
1755, 1775
1755, 1785
1755, 1811
1755, 1815
1755, 1880
1755, 1881
1755, 1788
1755, 1739
1755, 1812
1755, 1799
1755, 1816
1755, 1778
1755, 1787
1755, 1734
1755, 1774
1755, 1795
1755, 1736
1755, 1882
1755, 1743
1755, 1796
1755, 1818
1755, 1838
1755, 1883
1757, 1855
1884, 1719
1885, 1886
1875, 1721
1875, 1816
1876, 1721
1876, 1875
1876, 1816
1881, 1777
1881, 1755
1881, 1774
1877, 1721
1887, 1719
1887, 1697
1887, 1888
1887, 1760
1887, 1774
1889, 1777
1889, 1697
1889, 1890
1889, 1887
1889, 1774
1759, 1810
1759, 1888
1759, 1816
1759, 1719
1759, 1697
1759, 1839
1759, 1890
1759, 1760
1759, 1777
1759, 1774
1759, 1838
1759, 1889
1759, 1887
1815, 1810
1815, 1775
1815, 1812
1815, 1818
1815, 1814
1815, 1774
1760, 1719
1760, 1677
1760, 1697
1760, 1891
1891, 1760
1891, 1677
1891, 1719
1891, 1697
1892, 1893
1762, 1810
1762, 1719
1762, 1893
1762, 1892
1762, 1816
1762, 1761
1762, 1838
1762, 1839
1762, 1777
1762, 1774
1894, 1867
1894, 1895
1894, 1816
1894, 1774
1895, 1816
1895, 1867
1896, 1777
1896, 1735
1897, 1895
1897, 1867
1765, 1810
1765, 1719
1765, 1764
1765, 1812
1765, 1676
1765, 1816
1765, 1839
1765, 1777
1765, 1774
1765, 1897
1765, 1898
1765, 1815
1765, 1894
1765, 1838
1768, 1676
1768, 1719
1768, 1774
1768, 1896
1898, 1719
1898, 1899
1770, 1719
1770, 1898
1899, 1898
1899, 1719
1899, 1697
1767, 1719
1767, 1861
1767, 1674
1767, 1676
1767, 1691
1767, 1900
1767, 1774
1900, 1767
1900, 1719
1900, 1674
1764, 1719
1764, 1861
1764, 1901
1764, 1767
1764, 1676
1764, 1774
1901, 1767
1901, 1764
1901, 1719
1772, 1764
1772, 1777
1772, 1676
1772, 1816
1769, 1810
1769, 1719
1769, 1860
1769, 1902
1769, 1786
1769, 1676
1769, 1816
1769, 1903
1769, 1904
1769, 1905
1769, 1906
1769, 1777
1769, 1811
1769, 1774
1769, 1815
1769, 1907
1769, 1908
1769, 1861
1769, 1909
1769, 1691
1769, 1910
1769, 1911
1908, 1810
1908, 1719
1908, 1769
1908, 1777
1908, 1816
1908, 1774
1907, 1769
1907, 1719
1907, 1774
1904, 1769
1904, 1777
1904, 1719
1904, 1774
1902, 1769
1902, 1777
1902, 1719
1902, 1774
1811, 1813
1811, 1719
1811, 1675
1811, 1815
1811, 1775
1811, 1818
1811, 1774
1903, 1769
1903, 1777
1903, 1719
1909, 1810
1909, 1769
1909, 1719
1906, 1769
1906, 1816
1906, 1719
1911, 1769
1911, 1815
1911, 1719
1905, 1769
1905, 1719
1905, 1811
1910, 1769
1910, 1786
1910, 1719
1766, 1810
1766, 1769
1766, 1676
1766, 1691
1766, 1816
1766, 1777
1912, 1913
1912, 1722
1913, 1722
1773, 1719
1773, 1722
1773, 1816
1773, 1912
1773, 1839
1773, 1913
1773, 1774
1773, 1838
1773, 1715
1914, 1774
1786, 1810
1786, 1816
1786, 1817
1814, 1775
1814, 1774
1813, 1914
1813, 1818
1882, 1730
1882, 1830
1882, 1823
1882, 1826
1882, 1827
1882, 1731
1882, 1786
1882, 1776
1882, 1778
1882, 1784
1882, 1821
1882, 1832
1882, 1807
1882, 1777
1882, 1734
1882, 1801
1882, 1803
1882, 1774
1882, 1808
1882, 1783
1882, 1880
1882, 1828
1882, 1780
1880, 1734
1880, 1882
1733, 1774
1733, 1778
1733, 1675
1729, 1779
1729, 1727
1729, 1730
1729, 1826
1729, 1882
1729, 1731
1729, 1719
1729, 1735
1734, 1675
1734, 1719
1734, 1883
1883, 1734
1883, 1719
1730, 1675
1730, 1719
1730, 1879
1879, 1730
1879, 1719
1739, 1776
1739, 1774
1926, 1927
